list(data=c(    NA, 3.10000E+01, 2.04200E+01, 1.75000E+01, 8.75000E+00, 8.75000E+00, 5.83000E+00, 5.83000E+00, 2.92000E+00, 0.00000E+00, 0.00000E+00, 0.00000E+00, 0.00000E+00, 0.00000E+00, 0.00000E+00, 0.00000E+00), Age=c(0.00000E+00, 1.00000E+00, 2.00000E+00, 3.00000E+00, 4.00000E+00, 5.00000E+00, 6.00000E+00, 7.00000E+00, 8.00000E+00, 9.00000E+00, 1.00000E+01, 1.10000E+01, 1.20000E+01, 1.30000E+01, 1.40000E+01, 1.50000E+01), nobs=1.60000E+01)
