list(Ghana=c(2.75630E+02, 6.48500E+01, 1.78350E+02, 1.78350E+02, 1.13490E+02, 4.86400E+01, 1.45920E+02, 3.24300E+01, 3.24300E+01, 4.86400E+01, 6.48500E+01, 1.62100E+01, 1.62100E+01, 0.00000E+00), Age=c(2.00000E+00, 3.00000E+00, 4.00000E+00, 5.00000E+00, 6.00000E+00, 7.00000E+00, 8.00000E+00, 9.00000E+00, 1.00000E+01, 1.10000E+01, 1.20000E+01, 1.30000E+01, 1.40000E+01, 1.50000E+01), nobs=1.40000E+01)
