list(data=c(3.87000E+02, 2.09090E+02, 4.74190E+02, 2.22730E+02, 2.37100E+02, 2.58650E+02, 1.43690E+02, 1.14960E+02, 1.22140E+02, 4.31100E+01, 5.02900E+01, 3.59200E+01, 5.74800E+01, 1.43700E+01, 7.18000E+00, 7.18000E+00), Age=c(0.00000E+00, 1.00000E+00, 2.00000E+00, 3.00000E+00, 4.00000E+00, 5.00000E+00, 6.00000E+00, 7.00000E+00, 8.00000E+00, 9.00000E+00, 1.00000E+01, 1.10000E+01, 1.20000E+01, 1.30000E+01, 1.40000E+01, 1.50000E+01), nobs=1.60000E+01)
