list(data=c(2.30000E+01, 8.00000E+00, 1.26000E+01, 1.44000E+01, 1.08000E+01, 1.80000E+01, 5.40000E+00, 1.08000E+01, 5.40000E+00, 3.60000E+00, 7.20000E+00, 3.60000E+00, 5.40000E+00, 0.00000E+00), Age=c(0.00000E+00, 1.00000E+00, 2.00000E+00, 3.00000E+00, 4.00000E+00, 5.00000E+00, 6.00000E+00, 7.00000E+00, 8.00000E+00, 9.00000E+00, 1.00000E+01, 1.10000E+01, 1.20000E+01, 1.30000E+01), nobs=1.40000E+01)
