list(a=4.77384E+01, a1=-5.82724E-01, a2=-4.44108E-01, a3=-7.54820E+00, b1=5.95788E-01, b3=-6.91729E+00, ghana.sd=1.52211E+01)
