list(a=8.73695E+00, a1=2.44719E-01, a2=-6.28983E-01, a3=2.85677E-01, b1=-1.85174E+00, b3=-1.14031E+01, data.sd=2.03862E+01)
