list(a=9.85783E+00, a1=-2.45469E-01, a2=1.02375E+00, a3=8.89997E-01, b1=1.83281E-01, b3=-9.55234E+00, data.sd=2.35435E+01)
