list(a=9.20608E+00, a1=-7.69094E-01, a2=1.37850E+00, a3=-1.49753E-01, b1=5.03870E-01, b3=-8.07479E+00, data.sd=2.55240E+01)
