list(a=3.00077E+02, a2=-5.83732E-01, data.sd=1.27692E+01)
