list(a=9.77026E+00, a1=-1.89438E-01, a2=6.63314E-01, a3=-4.37473E-01, b1=-4.38996E-01, b3=-8.27902E+00, data.sd=1.94921E+01)
