list(a=4.92312E+01, a1=1.41982E+00, a2=1.34474E-02, a3=-5.71398E+00, b1=-1.60461E+00, b3=-7.33369E+00, ghana.sd=1.24210E+01)
