list(a=9.69650E+00, a1=-4.14653E-01, a2=-7.68916E-01, a3=1.09787E+00, b1=6.59657E-01, b3=-9.17928E+00, data.sd=8.49192E+00)
