list(a=2.84102E+01, a3=-9.22927E-01, a2=-1.69026E+00, b3=-5.70132E-02, data.sd=1.94490E+00)
