list(a=5.03409E+01, a1=6.70997E-01, a2=1.29346E+00, a3=-7.57722E+00, b1=-2.06600E+00, b3=-7.91812E+00, ghana.sd=1.84291E+01)
