list(a=9.32156E+00, a1=7.25673E-01, a2=-4.88330E-01, a3=-6.97255E-01, b1=-5.95564E-01, b3=-1.00189E+01, data.sd=2.08471E+00)
