list(a=3.00975E+01, a1=-1.24180E+00, a2=1.28264E+00, a3=1.72908E+00, b1=2.16103E+00, b3=-1.02708E+01, data.sd=1.74960E+01)
