list(a=3.06785E+01, a1=8.00749E-01, a2=2.09701E+00, a3=-6.86439E-03, b1=-9.61757E-01, b3=-9.41357E+00, data.sd=4.01662E+00)
